ALNS Solutions for src/data/Call_18_Vehicle_5.txt
==================================

Solution frequencies (10 runs):
-----------------------------
Cost      | Frequency | Percentage
----------|-----------|------------
2374420    | 7         | 70.0%
2376224    | 3         | 30.0%

Best solution found (cost: 2374420):
-----------------------------
[4, 4, 15, 15, 11, 11, 16, 16, 0, 6, 6, 5, 18, 5, 14, 17, 17, 14, 18, 0, 9, 8, 8, 9, 13, 13, 0, 7, 7, 3, 3, 10, 1, 10, 1, 0, 12, 12, 0, 2, 2]

All unique solutions:
-----------------------------
Cost: 2374420
Frequency: 7/10 runs (70%)
Solution: [4, 4, 15, 15, 11, 11, 16, 16, 0, 6, 6, 5, 18, 5, 14, 17, 17, 14, 18, 0, 9, 8, 8, 9, 13, 13, 0, 7, 7, 3, 3, 10, 1, 10, 1, 0, 12, 12, 0, 2, 2]

Cost: 2376224
Frequency: 3/10 runs (30%)
Solution: [4, 4, 15, 15, 11, 11, 16, 16, 0, 9, 8, 8, 9, 13, 13, 0, 6, 6, 5, 5, 18, 17, 14, 17, 14, 18, 0, 7, 7, 3, 3, 10, 1, 10, 1, 0, 12, 12, 0, 2, 2]

