ALNS Solutions for src/data/Call_300_Vehicle_90.txt
==================================

Solution frequencies (10 runs):
-----------------------------
Cost      | Frequency | Percentage
----------|-----------|------------
39636757   | 1         | 10.0%
40246859   | 1         | 10.0%
40467590   | 1         | 10.0%
40613660   | 1         | 10.0%
40718676   | 1         | 10.0%
40798759   | 1         | 10.0%
40930361   | 1         | 10.0%
41118845   | 1         | 10.0%
41174871   | 1         | 10.0%
41470629   | 1         | 10.0%

Best solution found (cost: 39636757):
-----------------------------
[265, 265, 115, 186, 115, 186, 0, 96, 263, 96, 263, 290, 290, 63, 113, 113, 63, 0, 278, 278, 0, 275, 275, 0, 29, 207, 29, 207, 108, 108, 0, 214, 111, 111, 214, 0, 272, 272, 235, 235, 60, 60, 22, 22, 0, 280, 280, 198, 198, 0, 121, 121, 220, 42, 42, 220, 0, 155, 155, 10, 10, 84, 187, 84, 187, 0, 222, 222, 0, 15, 15, 271, 271, 0, 118, 210, 118, 98, 210, 98, 9, 191, 191, 9, 0, 279, 279, 281, 281, 0, 23, 23, 233, 233, 0, 158, 158, 288, 65, 65, 141, 141, 288, 0, 0, 68, 1, 266, 68, 227, 266, 1, 227, 0, 39, 39, 127, 131, 131, 14, 127, 292, 14, 292, 0, 133, 300, 300, 133, 12, 12, 0, 248, 248, 246, 246, 259, 259, 0, 200, 7, 200, 7, 0, 56, 102, 56, 140, 140, 102, 0, 80, 80, 0, 54, 54, 0, 25, 25, 211, 211, 0, 295, 249, 295, 209, 209, 297, 249, 297, 0, 206, 206, 0, 44, 154, 154, 44, 0, 144, 144, 173, 173, 104, 104, 0, 36, 195, 185, 36, 185, 195, 177, 177, 34, 50, 34, 18, 18, 50, 0, 277, 224, 277, 228, 228, 226, 224, 139, 226, 139, 0, 188, 188, 74, 74, 202, 202, 73, 99, 101, 101, 99, 73, 0, 67, 273, 109, 109, 273, 67, 204, 204, 112, 112, 0, 71, 71, 165, 157, 165, 157, 0, 138, 138, 261, 257, 261, 289, 257, 289, 130, 130, 8, 8, 0, 134, 134, 126, 126, 287, 287, 170, 170, 16, 16, 192, 192, 0, 143, 143, 164, 194, 46, 194, 164, 46, 4, 4, 51, 59, 59, 231, 51, 231, 0, 208, 136, 208, 136, 159, 159, 199, 125, 125, 199, 0, 247, 247, 62, 95, 62, 27, 27, 95, 129, 129, 0, 142, 142, 262, 262, 166, 166, 0, 35, 215, 35, 240, 250, 240, 250, 215, 156, 156, 0, 83, 225, 225, 83, 5, 5, 251, 251, 0, 179, 179, 274, 274, 21, 163, 21, 163, 0, 123, 269, 269, 123, 149, 149, 132, 132, 0, 282, 282, 97, 97, 0, 172, 69, 69, 172, 33, 33, 0, 244, 244, 234, 234, 70, 53, 53, 70, 117, 117, 0, 19, 19, 52, 52, 11, 11, 107, 107, 0, 241, 217, 241, 217, 47, 47, 146, 146, 20, 20, 0, 105, 105, 196, 196, 0, 145, 145, 153, 153, 0, 150, 61, 150, 61, 32, 32, 258, 258, 0, 243, 243, 58, 283, 58, 283, 0, 94, 94, 294, 294, 197, 197, 296, 296, 0, 147, 147, 229, 229, 0, 242, 242, 167, 167, 205, 205, 100, 100, 161, 161, 0, 49, 49, 64, 64, 0, 264, 48, 48, 77, 77, 203, 184, 264, 203, 3, 3, 184, 106, 106, 0, 218, 218, 230, 230, 189, 148, 148, 189, 267, 267, 0, 128, 81, 128, 81, 0, 88, 28, 28, 88, 0, 57, 270, 286, 270, 286, 57, 0, 237, 236, 236, 237, 85, 85, 93, 17, 93, 17, 0, 299, 299, 216, 216, 190, 190, 0, 43, 176, 176, 43, 0, 87, 87, 0, 103, 183, 103, 183, 6, 6, 0, 37, 276, 276, 221, 91, 122, 37, 122, 91, 221, 0, 174, 40, 40, 174, 0, 92, 110, 41, 92, 41, 293, 293, 182, 110, 124, 120, 120, 55, 182, 124, 55, 0, 137, 137, 119, 119, 160, 90, 160, 90, 0, 86, 86, 253, 212, 181, 181, 253, 252, 252, 212, 0, 193, 79, 219, 193, 79, 219, 0, 238, 255, 255, 238, 0, 223, 268, 268, 223, 0, 169, 169, 38, 38, 0, 180, 213, 180, 75, 75, 213, 0, 168, 168, 256, 30, 30, 256, 298, 298, 0, 232, 24, 24, 72, 291, 291, 232, 72, 0, 116, 116, 45, 285, 285, 45, 0, 162, 114, 114, 162, 2, 2, 0, 66, 284, 66, 284, 0, 245, 26, 245, 26, 0, 31, 254, 254, 31, 0, 76, 151, 151, 76, 0, 152, 78, 78, 260, 152, 260, 13, 13, 0, 171, 178, 171, 178, 0, 201, 239, 201, 239, 0, 82, 135, 82, 135, 175, 89, 175, 89, 0]

All unique solutions:
-----------------------------
Cost: 39636757
Frequency: 1/10 runs (10%)
Solution: [265, 265, 115, 186, 115, 186, 0, 96, 263, 96, 263, 290, 290, 63, 113, 113, 63, 0, 278, 278, 0, 275, 275, 0, 29, 207, 29, 207, 108, 108, 0, 214, 111, 111, 214, 0, 272, 272, 235, 235, 60, 60, 22, 22, 0, 280, 280, 198, 198, 0, 121, 121, 220, 42, 42, 220, 0, 155, 155, 10, 10, 84, 187, 84, 187, 0, 222, 222, 0, 15, 15, 271, 271, 0, 118, 210, 118, 98, 210, 98, 9, 191, 191, 9, 0, 279, 279, 281, 281, 0, 23, 23, 233, 233, 0, 158, 158, 288, 65, 65, 141, 141, 288, 0, 0, 68, 1, 266, 68, 227, 266, 1, 227, 0, 39, 39, 127, 131, 131, 14, 127, 292, 14, 292, 0, 133, 300, 300, 133, 12, 12, 0, 248, 248, 246, 246, 259, 259, 0, 200, 7, 200, 7, 0, 56, 102, 56, 140, 140, 102, 0, 80, 80, 0, 54, 54, 0, 25, 25, 211, 211, 0, 295, 249, 295, 209, 209, 297, 249, 297, 0, 206, 206, 0, 44, 154, 154, 44, 0, 144, 144, 173, 173, 104, 104, 0, 36, 195, 185, 36, 185, 195, 177, 177, 34, 50, 34, 18, 18, 50, 0, 277, 224, 277, 228, 228, 226, 224, 139, 226, 139, 0, 188, 188, 74, 74, 202, 202, 73, 99, 101, 101, 99, 73, 0, 67, 273, 109, 109, 273, 67, 204, 204, 112, 112, 0, 71, 71, 165, 157, 165, 157, 0, 138, 138, 261, 257, 261, 289, 257, 289, 130, 130, 8, 8, 0, 134, 134, 126, 126, 287, 287, 170, 170, 16, 16, 192, 192, 0, 143, 143, 164, 194, 46, 194, 164, 46, 4, 4, 51, 59, 59, 231, 51, 231, 0, 208, 136, 208, 136, 159, 159, 199, 125, 125, 199, 0, 247, 247, 62, 95, 62, 27, 27, 95, 129, 129, 0, 142, 142, 262, 262, 166, 166, 0, 35, 215, 35, 240, 250, 240, 250, 215, 156, 156, 0, 83, 225, 225, 83, 5, 5, 251, 251, 0, 179, 179, 274, 274, 21, 163, 21, 163, 0, 123, 269, 269, 123, 149, 149, 132, 132, 0, 282, 282, 97, 97, 0, 172, 69, 69, 172, 33, 33, 0, 244, 244, 234, 234, 70, 53, 53, 70, 117, 117, 0, 19, 19, 52, 52, 11, 11, 107, 107, 0, 241, 217, 241, 217, 47, 47, 146, 146, 20, 20, 0, 105, 105, 196, 196, 0, 145, 145, 153, 153, 0, 150, 61, 150, 61, 32, 32, 258, 258, 0, 243, 243, 58, 283, 58, 283, 0, 94, 94, 294, 294, 197, 197, 296, 296, 0, 147, 147, 229, 229, 0, 242, 242, 167, 167, 205, 205, 100, 100, 161, 161, 0, 49, 49, 64, 64, 0, 264, 48, 48, 77, 77, 203, 184, 264, 203, 3, 3, 184, 106, 106, 0, 218, 218, 230, 230, 189, 148, 148, 189, 267, 267, 0, 128, 81, 128, 81, 0, 88, 28, 28, 88, 0, 57, 270, 286, 270, 286, 57, 0, 237, 236, 236, 237, 85, 85, 93, 17, 93, 17, 0, 299, 299, 216, 216, 190, 190, 0, 43, 176, 176, 43, 0, 87, 87, 0, 103, 183, 103, 183, 6, 6, 0, 37, 276, 276, 221, 91, 122, 37, 122, 91, 221, 0, 174, 40, 40, 174, 0, 92, 110, 41, 92, 41, 293, 293, 182, 110, 124, 120, 120, 55, 182, 124, 55, 0, 137, 137, 119, 119, 160, 90, 160, 90, 0, 86, 86, 253, 212, 181, 181, 253, 252, 252, 212, 0, 193, 79, 219, 193, 79, 219, 0, 238, 255, 255, 238, 0, 223, 268, 268, 223, 0, 169, 169, 38, 38, 0, 180, 213, 180, 75, 75, 213, 0, 168, 168, 256, 30, 30, 256, 298, 298, 0, 232, 24, 24, 72, 291, 291, 232, 72, 0, 116, 116, 45, 285, 285, 45, 0, 162, 114, 114, 162, 2, 2, 0, 66, 284, 66, 284, 0, 245, 26, 245, 26, 0, 31, 254, 254, 31, 0, 76, 151, 151, 76, 0, 152, 78, 78, 260, 152, 260, 13, 13, 0, 171, 178, 171, 178, 0, 201, 239, 201, 239, 0, 82, 135, 82, 135, 175, 89, 175, 89, 0]

Cost: 40246859
Frequency: 1/10 runs (10%)
Solution: [155, 155, 290, 290, 129, 129, 0, 67, 111, 67, 266, 111, 266, 0, 264, 48, 48, 184, 264, 184, 0, 194, 164, 164, 194, 32, 32, 0, 96, 200, 200, 96, 55, 55, 0, 270, 74, 270, 74, 0, 80, 80, 0, 39, 39, 0, 279, 279, 281, 281, 0, 68, 265, 265, 68, 115, 115, 0, 46, 46, 112, 112, 0, 37, 49, 49, 37, 139, 139, 0, 167, 167, 259, 259, 0, 126, 126, 0, 23, 23, 171, 45, 171, 45, 0, 235, 235, 231, 231, 0, 183, 183, 60, 60, 0, 206, 206, 0, 272, 272, 3, 3, 0, 152, 152, 287, 287, 297, 14, 297, 14, 0, 278, 278, 141, 182, 141, 182, 0, 233, 233, 7, 7, 0, 215, 29, 29, 288, 181, 215, 181, 288, 0, 10, 10, 41, 41, 209, 209, 104, 104, 0, 293, 293, 0, 15, 15, 0, 217, 217, 0, 240, 250, 250, 240, 0, 207, 144, 144, 207, 0, 226, 226, 102, 140, 102, 140, 0, 180, 180, 188, 188, 4, 4, 16, 16, 192, 192, 8, 8, 0, 271, 271, 211, 211, 189, 275, 189, 275, 50, 298, 50, 298, 0, 19, 19, 253, 253, 21, 21, 0, 36, 172, 172, 36, 227, 219, 58, 58, 227, 130, 219, 130, 0, 185, 98, 98, 294, 185, 294, 27, 27, 99, 12, 99, 12, 0, 24, 24, 65, 65, 9, 165, 9, 165, 166, 166, 267, 267, 0, 25, 25, 147, 147, 229, 229, 0, 26, 90, 26, 90, 0, 244, 244, 94, 203, 148, 94, 124, 203, 148, 124, 0, 242, 242, 108, 108, 221, 91, 221, 91, 132, 132, 0, 276, 276, 122, 153, 153, 107, 122, 107, 106, 106, 0, 136, 208, 208, 136, 56, 56, 296, 296, 0, 83, 225, 225, 83, 285, 285, 205, 205, 0, 168, 168, 142, 142, 5, 5, 251, 251, 0, 269, 123, 269, 123, 30, 34, 30, 34, 161, 161, 0, 210, 210, 71, 71, 0, 274, 274, 119, 119, 282, 282, 20, 20, 0, 150, 61, 150, 70, 53, 61, 59, 59, 53, 70, 117, 117, 0, 193, 193, 186, 18, 18, 186, 0, 138, 138, 159, 159, 52, 52, 11, 11, 292, 198, 292, 198, 0, 35, 295, 212, 35, 42, 212, 42, 295, 156, 156, 0, 110, 300, 110, 243, 243, 120, 300, 120, 97, 97, 0, 105, 105, 149, 149, 191, 196, 196, 191, 0, 222, 222, 62, 62, 157, 289, 289, 113, 157, 113, 0, 232, 277, 109, 277, 109, 232, 204, 204, 0, 263, 273, 273, 263, 230, 230, 170, 170, 283, 146, 283, 146, 0, 133, 133, 218, 218, 256, 256, 33, 33, 0, 246, 246, 234, 234, 28, 28, 258, 258, 0, 248, 82, 82, 248, 257, 72, 257, 199, 72, 199, 84, 187, 17, 187, 84, 17, 0, 143, 143, 237, 237, 0, 125, 47, 125, 73, 47, 101, 22, 22, 73, 101, 0, 43, 254, 254, 81, 43, 177, 177, 81, 0, 239, 201, 201, 239, 128, 128, 93, 93, 0, 85, 85, 0, 299, 299, 216, 216, 6, 6, 0, 78, 69, 69, 78, 0, 247, 247, 261, 249, 151, 249, 261, 173, 151, 173, 252, 252, 0, 179, 179, 175, 175, 0, 116, 220, 116, 127, 127, 38, 220, 38, 0, 260, 260, 40, 262, 262, 197, 40, 197, 13, 13, 0, 86, 86, 44, 64, 255, 64, 44, 2, 255, 2, 0, 57, 291, 57, 291, 0, 195, 118, 118, 154, 154, 195, 0, 178, 268, 178, 268, 0, 0, 223, 114, 114, 223, 0, 66, 77, 77, 66, 0, 92, 75, 92, 89, 89, 75, 0, 169, 286, 79, 169, 202, 286, 163, 202, 79, 163, 0, 280, 131, 280, 131, 100, 100, 190, 190, 0, 134, 134, 238, 63, 63, 238, 0, 162, 95, 162, 95, 0, 31, 224, 31, 224, 0, 121, 88, 121, 176, 88, 176, 0, 158, 54, 158, 236, 236, 54, 0, 103, 103, 160, 51, 160, 51, 0, 241, 214, 76, 214, 76, 241, 0, 245, 1, 213, 245, 1, 213, 0, 137, 137, 145, 228, 228, 145, 0, 135, 135, 174, 284, 174, 284, 0, 87, 87]

Cost: 40467590
Frequency: 1/10 runs (10%)
Solution: [158, 207, 158, 207, 253, 253, 3, 3, 0, 217, 217, 94, 300, 300, 94, 287, 287, 196, 90, 196, 90, 0, 172, 172, 108, 108, 0, 74, 164, 74, 46, 164, 46, 0, 214, 111, 111, 214, 0, 279, 279, 0, 10, 10, 0, 288, 203, 182, 203, 288, 182, 0, 269, 269, 110, 110, 236, 63, 236, 63, 0, 155, 155, 32, 32, 258, 258, 0, 185, 69, 95, 95, 185, 69, 0, 265, 41, 41, 265, 227, 115, 227, 115, 0, 121, 121, 293, 293, 191, 14, 14, 191, 0, 62, 62, 283, 186, 186, 283, 0, 7, 7, 0, 126, 126, 284, 176, 284, 176, 0, 103, 103, 0, 67, 270, 109, 67, 109, 270, 290, 290, 112, 112, 0, 0, 105, 105, 80, 80, 0, 136, 136, 259, 259, 0, 171, 79, 255, 79, 255, 171, 0, 82, 249, 82, 249, 124, 124, 0, 233, 233, 28, 53, 53, 28, 129, 129, 0, 263, 263, 195, 195, 0, 25, 25, 211, 211, 0, 272, 272, 0, 248, 248, 246, 246, 18, 18, 0, 277, 123, 277, 250, 250, 123, 0, 167, 167, 0, 276, 276, 52, 52, 275, 275, 267, 267, 0, 168, 168, 256, 256, 33, 33, 139, 139, 56, 56, 298, 17, 298, 17, 0, 31, 31, 177, 177, 282, 282, 0, 36, 88, 88, 36, 294, 58, 58, 146, 146, 294, 20, 20, 0, 210, 30, 210, 127, 30, 297, 127, 104, 297, 104, 0, 244, 244, 262, 262, 60, 60, 231, 231, 0, 137, 137, 145, 145, 0, 96, 273, 273, 96, 202, 202, 73, 101, 12, 101, 73, 12, 0, 242, 242, 257, 144, 144, 289, 289, 257, 130, 130, 0, 180, 180, 188, 188, 194, 194, 204, 204, 120, 120, 161, 161, 0, 15, 15, 271, 271, 4, 4, 192, 192, 97, 97, 0, 133, 133, 237, 237, 281, 281, 47, 47, 140, 140, 0, 208, 48, 48, 208, 72, 184, 72, 55, 55, 184, 0, 26, 266, 26, 153, 266, 153, 0, 218, 218, 75, 75, 0, 170, 170, 132, 132, 0, 159, 159, 0, 264, 83, 264, 44, 83, 44, 5, 5, 166, 166, 50, 187, 198, 187, 50, 198, 0, 274, 274, 163, 21, 21, 163, 0, 138, 138, 285, 285, 99, 99, 0, 35, 295, 240, 286, 35, 240, 286, 295, 119, 119, 16, 16, 156, 156, 0, 34, 84, 84, 34, 0, 143, 143, 150, 150, 235, 235, 113, 292, 292, 113, 0, 24, 24, 243, 243, 107, 107, 106, 106, 0, 232, 39, 39, 70, 232, 11, 11, 59, 59, 70, 117, 117, 0, 43, 43, 81, 199, 199, 81, 0, 278, 215, 215, 278, 71, 71, 125, 125, 197, 197, 22, 22, 0, 49, 49, 131, 9, 131, 157, 9, 157, 296, 296, 0, 222, 61, 61, 222, 8, 8, 0, 206, 206, 183, 183, 64, 64, 0, 234, 141, 148, 148, 234, 141, 0, 230, 230, 6, 6, 0, 201, 29, 45, 201, 45, 29, 0, 65, 291, 228, 291, 209, 209, 65, 251, 228, 251, 0, 299, 225, 225, 151, 299, 151, 0, 241, 174, 174, 241, 0, 87, 219, 219, 87, 0, 114, 193, 193, 114, 0, 223, 223, 0, 238, 238, 91, 128, 122, 122, 91, 128, 0, 147, 98, 147, 42, 98, 38, 38, 252, 252, 42, 0, 162, 162, 0, 0, 76, 89, 76, 89, 0, 220, 212, 189, 189, 220, 212, 0, 92, 213, 92, 229, 229, 213, 0, 19, 224, 19, 224, 0, 54, 261, 261, 154, 54, 154, 0, 247, 247, 181, 149, 181, 149, 93, 93, 0, 280, 221, 221, 280, 100, 100, 0, 134, 200, 134, 86, 200, 86, 27, 102, 102, 27, 0, 68, 1, 142, 68, 1, 142, 0, 239, 254, 254, 239, 226, 85, 226, 85, 190, 190, 0, 66, 118, 118, 165, 165, 66, 0, 116, 268, 116, 2, 2, 268, 13, 13, 0, 178, 40, 178, 40, 205, 173, 173, 205, 0, 152, 78, 152, 78, 216, 216, 175, 175, 0, 179, 23, 23, 169, 169, 179, 160, 51, 51, 160, 0, 37, 245, 77, 37, 77, 245, 0, 135, 135, 260, 260, 0, 57, 57]

Cost: 40613660
Frequency: 1/10 runs (10%)
Solution: [15, 15, 0, 270, 74, 74, 270, 0, 278, 278, 3, 3, 0, 77, 90, 90, 77, 0, 171, 249, 249, 171, 212, 42, 212, 42, 0, 96, 200, 200, 141, 96, 141, 0, 26, 26, 0, 65, 65, 228, 228, 0, 163, 59, 59, 186, 163, 186, 0, 155, 155, 213, 41, 41, 63, 63, 213, 0, 110, 110, 165, 165, 0, 271, 271, 233, 233, 28, 28, 283, 283, 0, 245, 245, 0, 62, 62, 253, 253, 0, 23, 23, 279, 279, 281, 281, 0, 295, 45, 45, 203, 295, 55, 55, 203, 0, 44, 58, 44, 58, 0, 241, 111, 241, 111, 0, 207, 207, 108, 108, 0, 248, 248, 222, 222, 0, 217, 217, 0, 126, 126, 56, 56, 298, 298, 0, 208, 208, 261, 261, 0, 158, 209, 209, 158, 0, 54, 54, 0, 121, 121, 250, 164, 164, 250, 0, 133, 133, 29, 29, 258, 258, 0, 67, 273, 240, 240, 67, 273, 80, 80, 0, 82, 82, 272, 272, 0, 94, 300, 94, 127, 300, 131, 131, 127, 104, 104, 0, 218, 218, 202, 202, 73, 101, 99, 101, 99, 73, 0, 195, 185, 195, 5, 226, 185, 5, 231, 226, 231, 0, 269, 123, 123, 269, 290, 290, 197, 197, 102, 102, 130, 130, 0, 206, 61, 61, 206, 243, 243, 191, 146, 191, 146, 296, 296, 0, 71, 71, 289, 14, 14, 289, 97, 97, 0, 242, 242, 166, 166, 0, 134, 36, 134, 49, 36, 49, 285, 285, 205, 205, 275, 275, 267, 267, 50, 187, 198, 198, 187, 50, 0, 68, 68, 117, 117, 0, 150, 150, 229, 229, 0, 168, 168, 142, 142, 0, 180, 180, 188, 188, 7, 7, 4, 4, 16, 16, 0, 264, 83, 264, 284, 83, 284, 81, 122, 125, 125, 122, 81, 34, 84, 34, 17, 17, 84, 0, 244, 244, 52, 52, 11, 11, 100, 100, 20, 20, 0, 92, 92, 75, 75, 0, 43, 43, 199, 184, 184, 199, 107, 107, 106, 106, 0, 149, 149, 60, 60, 18, 140, 18, 140, 0, 109, 109, 256, 256, 27, 27, 0, 225, 48, 48, 225, 167, 167, 251, 251, 0, 137, 137, 21, 51, 51, 21, 0, 215, 35, 35, 183, 215, 79, 183, 259, 79, 259, 0, 105, 105, 210, 30, 210, 30, 189, 189, 282, 282, 161, 161, 0, 230, 230, 170, 170, 132, 132, 0, 152, 152, 172, 172, 234, 234, 0, 246, 246, 176, 294, 176, 294, 0, 39, 286, 39, 293, 194, 286, 194, 70, 53, 293, 53, 115, 70, 292, 292, 115, 0, 247, 247, 211, 69, 69, 211, 153, 153, 8, 8, 0, 136, 136, 24, 24, 64, 266, 64, 266, 47, 47, 22, 22, 0, 159, 159, 177, 177, 192, 192, 0, 138, 138, 237, 237, 262, 173, 173, 262, 112, 112, 0, 19, 19, 221, 91, 91, 221, 12, 12, 0, 85, 85, 93, 93, 0, 31, 144, 144, 31, 0, 57, 181, 57, 181, 0, 216, 216, 190, 190, 0, 299, 268, 299, 268, 6, 157, 6, 157, 13, 13, 0, 143, 143, 76, 89, 89, 76, 0, 87, 219, 87, 139, 219, 139, 0, 179, 103, 179, 287, 287, 148, 182, 103, 182, 148, 0, 25, 25, 174, 95, 95, 174, 0, 277, 193, 277, 255, 193, 2, 255, 2, 0, 88, 32, 88, 32, 0, 114, 178, 114, 178, 0, 86, 220, 86, 124, 120, 120, 220, 124, 0, 116, 151, 116, 175, 175, 151, 0, 238, 288, 238, 128, 128, 288, 0, 169, 291, 169, 291, 160, 297, 160, 297, 0, 223, 254, 254, 223, 0, 66, 118, 118, 236, 236, 66, 0, 263, 274, 274, 204, 263, 204, 252, 252, 0, 232, 280, 72, 280, 232, 72, 0, 265, 224, 265, 227, 154, 227, 224, 154, 0, 201, 162, 201, 257, 162, 257, 0, 37, 1, 145, 37, 145, 1, 0, 276, 10, 10, 9, 276, 9, 0, 235, 46, 46, 196, 235, 129, 129, 196, 0, 147, 98, 147, 38, 98, 38, 0, 135, 40, 135, 40, 0, 119, 119, 156, 156, 0, 214, 239, 214, 239, 0, 78, 78, 260, 260, 33, 113, 33, 113, 0]

Cost: 40718676
Frequency: 1/10 runs (10%)
Solution: [155, 155, 290, 290, 113, 113, 0, 222, 222, 74, 74, 0, 208, 48, 208, 48, 72, 182, 182, 72, 0, 219, 289, 289, 219, 0, 54, 54, 0, 172, 172, 146, 140, 140, 146, 0, 10, 10, 103, 103, 293, 293, 259, 259, 0, 262, 262, 129, 129, 0, 118, 118, 11, 11, 0, 36, 245, 245, 36, 258, 258, 0, 80, 80, 0, 32, 53, 32, 56, 56, 53, 12, 12, 0, 213, 209, 209, 213, 0, 148, 124, 124, 148, 0, 23, 23, 279, 279, 0, 121, 121, 224, 89, 224, 89, 0, 270, 240, 286, 141, 240, 286, 141, 270, 0, 263, 263, 92, 92, 0, 272, 272, 0, 136, 300, 136, 203, 131, 300, 131, 163, 203, 292, 163, 292, 0, 287, 287, 198, 198, 0, 110, 110, 176, 63, 63, 176, 0, 246, 246, 253, 253, 3, 3, 0, 123, 109, 123, 109, 0, 111, 284, 284, 111, 0, 68, 265, 265, 68, 69, 227, 227, 69, 0, 35, 35, 26, 26, 0, 217, 217, 139, 139, 0, 77, 77, 0, 236, 266, 266, 236, 0, 273, 273, 61, 250, 61, 250, 119, 119, 192, 192, 117, 117, 0, 218, 218, 156, 156, 0, 126, 181, 126, 189, 181, 189, 267, 267, 0, 168, 168, 202, 202, 0, 243, 243, 28, 70, 28, 70, 166, 166, 0, 43, 43, 47, 47, 112, 112, 0, 15, 15, 7, 7, 170, 170, 16, 16, 34, 34, 161, 161, 106, 106, 0, 206, 206, 234, 234, 46, 46, 107, 107, 0, 143, 143, 233, 41, 233, 212, 127, 127, 41, 21, 212, 50, 21, 50, 0, 242, 242, 205, 205, 59, 59, 20, 20, 0, 180, 180, 188, 188, 194, 164, 194, 164, 204, 204, 97, 97, 0, 244, 244, 237, 237, 199, 184, 184, 84, 199, 187, 187, 84, 0, 264, 278, 278, 264, 75, 75, 153, 153, 0, 24, 24, 65, 291, 65, 291, 51, 115, 51, 115, 0, 269, 269, 142, 142, 125, 125, 251, 251, 0, 71, 71, 165, 90, 165, 231, 90, 231, 0, 29, 29, 49, 49, 285, 285, 73, 22, 73, 22, 0, 138, 138, 261, 144, 144, 173, 261, 120, 120, 104, 173, 186, 186, 104, 0, 39, 288, 288, 39, 4, 4, 0, 83, 225, 225, 83, 177, 177, 282, 282, 18, 18, 0, 274, 274, 235, 235, 298, 17, 17, 298, 0, 183, 210, 210, 98, 98, 9, 183, 9, 33, 33, 0, 249, 249, 108, 108, 296, 296, 0, 193, 193, 52, 52, 275, 55, 275, 55, 0, 19, 19, 154, 157, 157, 154, 0, 247, 247, 150, 150, 149, 149, 132, 132, 0, 105, 295, 295, 105, 8, 8, 0, 207, 167, 167, 207, 27, 27, 197, 197, 130, 130, 0, 248, 82, 248, 82, 159, 159, 5, 226, 226, 5, 99, 101, 99, 101, 0, 96, 200, 200, 96, 229, 229, 0, 94, 64, 94, 196, 64, 196, 0, 201, 76, 201, 76, 0, 214, 241, 223, 214, 241, 81, 223, 85, 85, 81, 0, 281, 91, 281, 128, 122, 91, 128, 100, 122, 100, 190, 190, 0, 133, 215, 133, 277, 169, 277, 215, 169, 160, 191, 160, 13, 191, 13, 0, 171, 162, 162, 171, 0, 239, 239, 0, 179, 271, 179, 147, 271, 294, 147, 60, 60, 294, 0, 31, 254, 44, 254, 31, 44, 0, 280, 221, 221, 297, 280, 14, 102, 297, 102, 14, 0, 88, 30, 30, 58, 58, 88, 0, 67, 57, 67, 57, 145, 228, 145, 228, 0, 195, 62, 62, 283, 283, 195, 0, 256, 79, 256, 2, 79, 2, 0, 260, 40, 260, 40, 0, 230, 230, 42, 38, 38, 252, 42, 252, 0, 276, 185, 185, 276, 0, 25, 25, 86, 86, 0, 37, 66, 1, 37, 1, 66, 0, 232, 137, 220, 232, 220, 137, 0, 134, 134, 175, 175, 0, 158, 45, 45, 158, 0, 238, 255, 255, 238, 0, 0, 116, 116, 216, 216, 93, 93, 0, 114, 211, 268, 211, 114, 268, 0, 152, 78, 152, 257, 257, 78, 6, 6, 0, 178, 95, 95, 178, 0, 87, 151, 151, 87, 0, 135, 135, 174, 174, 0, 299, 299]

Cost: 40798759
Frequency: 1/10 runs (10%)
Solution: [10, 10, 0, 67, 270, 200, 200, 67, 270, 0, 217, 217, 0, 7, 7, 0, 211, 211, 0, 48, 69, 69, 48, 258, 258, 0, 0, 280, 44, 280, 154, 154, 44, 0, 155, 37, 155, 245, 245, 37, 0, 110, 110, 27, 27, 129, 129, 0, 23, 210, 23, 210, 0, 275, 275, 0, 118, 185, 118, 165, 165, 185, 0, 131, 227, 157, 131, 297, 157, 227, 297, 0, 54, 54, 281, 281, 0, 80, 80, 0, 26, 26, 0, 214, 261, 261, 236, 214, 236, 0, 94, 300, 300, 94, 62, 62, 60, 60, 0, 279, 279, 0, 222, 222, 194, 32, 194, 32, 0, 111, 111, 0, 219, 289, 219, 289, 0, 68, 265, 265, 68, 189, 189, 0, 123, 164, 123, 164, 28, 28, 113, 113, 0, 36, 77, 36, 77, 0, 35, 109, 35, 109, 0, 241, 96, 96, 228, 241, 228, 0, 246, 246, 73, 55, 55, 73, 0, 293, 293, 196, 90, 196, 90, 0, 168, 168, 213, 191, 191, 213, 0, 19, 19, 262, 186, 262, 18, 186, 18, 0, 31, 31, 177, 177, 282, 282, 161, 161, 0, 218, 218, 230, 230, 95, 95, 112, 112, 0, 61, 250, 61, 250, 235, 53, 235, 53, 101, 107, 107, 101, 106, 106, 0, 242, 242, 167, 266, 167, 259, 266, 259, 296, 296, 0, 126, 268, 126, 40, 40, 268, 205, 205, 104, 50, 50, 104, 0, 263, 263, 145, 145, 153, 153, 0, 143, 143, 188, 188, 4, 4, 14, 115, 14, 115, 0, 269, 269, 256, 256, 285, 285, 166, 166, 0, 15, 15, 233, 41, 233, 41, 149, 149, 182, 148, 3, 3, 148, 182, 267, 267, 0, 152, 136, 152, 136, 234, 234, 70, 21, 70, 21, 0, 264, 278, 278, 264, 229, 229, 0, 179, 179, 274, 274, 46, 46, 16, 16, 192, 192, 97, 97, 0, 150, 150, 75, 75, 226, 139, 139, 231, 226, 231, 0, 183, 183, 253, 253, 34, 34, 0, 272, 240, 240, 272, 119, 119, 156, 156, 0, 133, 133, 29, 151, 29, 151, 197, 197, 20, 20, 0, 232, 288, 72, 232, 288, 72, 0, 208, 248, 248, 208, 237, 237, 199, 122, 173, 173, 122, 199, 84, 187, 187, 84, 0, 83, 225, 225, 83, 47, 47, 117, 117, 0, 271, 271, 243, 243, 170, 170, 209, 11, 209, 11, 292, 198, 198, 292, 0, 82, 172, 82, 172, 64, 64, 0, 52, 52, 51, 59, 59, 130, 51, 130, 0, 49, 255, 255, 56, 49, 56, 298, 17, 17, 298, 0, 193, 193, 221, 91, 91, 221, 132, 132, 22, 22, 0, 138, 138, 108, 108, 124, 184, 184, 124, 0, 159, 159, 5, 125, 5, 99, 125, 12, 12, 99, 0, 215, 105, 105, 215, 204, 204, 120, 120, 8, 8, 0, 276, 276, 0, 0, 43, 176, 43, 81, 176, 85, 85, 81, 0, 206, 273, 206, 88, 273, 58, 58, 88, 2, 102, 102, 2, 0, 39, 65, 203, 65, 42, 39, 42, 203, 0, 87, 87, 128, 128, 0, 78, 78, 260, 257, 257, 260, 0, 180, 180, 74, 181, 220, 212, 181, 74, 220, 252, 252, 212, 0, 134, 121, 121, 134, 71, 146, 146, 71, 13, 13, 0, 158, 171, 224, 79, 79, 158, 171, 33, 224, 33, 0, 277, 254, 277, 30, 89, 30, 251, 254, 89, 251, 0, 195, 290, 290, 283, 195, 283, 0, 137, 286, 291, 137, 202, 286, 291, 202, 0, 147, 98, 98, 147, 0, 103, 103, 287, 127, 127, 287, 100, 100, 0, 295, 169, 169, 295, 0, 141, 38, 38, 141, 0, 142, 294, 294, 142, 0, 116, 116, 216, 216, 93, 140, 93, 140, 190, 190, 0, 247, 247, 174, 284, 284, 174, 0, 24, 144, 144, 24, 0, 1, 92, 92, 86, 86, 175, 1, 175, 0, 201, 223, 201, 223, 0, 66, 45, 45, 66, 0, 25, 25, 76, 9, 9, 76, 0, 162, 162, 0, 160, 163, 163, 160, 0, 244, 249, 249, 244, 0, 114, 178, 178, 6, 114, 6, 0, 239, 207, 207, 239, 0, 135, 135, 238, 63, 238, 63, 0, 57, 57, 299, 299]

Cost: 40930361
Frequency: 1/10 runs (10%)
Solution: [295, 249, 249, 127, 127, 295, 0, 278, 278, 30, 53, 30, 113, 53, 186, 186, 113, 0, 61, 250, 61, 164, 164, 250, 0, 194, 194, 80, 80, 0, 96, 96, 23, 23, 233, 233, 32, 209, 209, 32, 0, 206, 206, 290, 290, 0, 15, 15, 0, 207, 288, 207, 72, 72, 84, 288, 17, 84, 17, 0, 54, 54, 0, 155, 155, 10, 10, 0, 28, 28, 129, 129, 0, 271, 271, 0, 245, 227, 227, 245, 0, 279, 279, 281, 281, 0, 183, 41, 41, 183, 220, 42, 42, 220, 21, 21, 0, 26, 26, 0, 269, 269, 70, 115, 70, 115, 0, 37, 195, 37, 195, 0, 262, 262, 289, 289, 0, 241, 248, 241, 248, 236, 236, 81, 81, 0, 126, 126, 62, 62, 112, 112, 0, 111, 254, 254, 111, 0, 35, 277, 277, 35, 3, 3, 0, 110, 110, 165, 165, 60, 60, 56, 56, 18, 18, 0, 210, 74, 210, 74, 0, 158, 158, 108, 108, 0, 136, 136, 77, 90, 90, 77, 0, 200, 7, 7, 200, 11, 11, 0, 246, 246, 212, 184, 212, 184, 0, 144, 219, 144, 219, 0, 68, 265, 265, 68, 166, 166, 0, 222, 222, 189, 189, 187, 198, 198, 187, 0, 218, 218, 230, 230, 170, 170, 156, 156, 0, 147, 147, 287, 287, 100, 100, 0, 211, 284, 211, 122, 284, 153, 153, 107, 122, 107, 0, 82, 133, 133, 172, 172, 82, 251, 251, 0, 276, 276, 221, 91, 221, 120, 120, 91, 161, 161, 0, 36, 180, 180, 176, 36, 294, 294, 176, 258, 258, 0, 83, 225, 83, 225, 255, 154, 154, 255, 0, 143, 143, 4, 4, 163, 292, 163, 292, 0, 168, 168, 256, 256, 97, 97, 0, 138, 138, 159, 159, 177, 177, 282, 282, 20, 20, 0, 217, 217, 47, 47, 117, 117, 0, 179, 179, 274, 274, 106, 106, 0, 188, 188, 286, 243, 243, 141, 148, 182, 286, 182, 34, 141, 148, 50, 12, 34, 140, 140, 50, 12, 0, 185, 253, 185, 203, 253, 203, 267, 267, 0, 237, 237, 0, 242, 242, 234, 234, 0, 39, 173, 39, 59, 173, 59, 296, 296, 0, 208, 29, 208, 65, 29, 300, 291, 300, 65, 291, 149, 149, 196, 51, 196, 130, 51, 130, 0, 48, 48, 49, 49, 266, 64, 64, 266, 0, 235, 235, 27, 101, 27, 22, 22, 101, 0, 244, 244, 94, 94, 71, 71, 197, 197, 0, 24, 24, 261, 261, 285, 285, 205, 205, 0, 19, 19, 199, 58, 58, 73, 73, 199, 0, 123, 123, 204, 204, 132, 132, 0, 67, 273, 273, 67, 142, 142, 52, 52, 192, 192, 8, 8, 0, 167, 69, 167, 69, 33, 33, 0, 105, 105, 229, 229, 146, 146, 231, 231, 0, 150, 150, 293, 293, 0, 5, 125, 102, 5, 125, 298, 298, 102, 0, 16, 16, 0, 152, 87, 152, 87, 128, 128, 93, 93, 0, 280, 45, 45, 259, 280, 104, 104, 259, 0, 264, 57, 240, 57, 202, 240, 264, 14, 202, 14, 0, 214, 239, 171, 239, 214, 171, 0, 270, 272, 272, 270, 0, 86, 181, 86, 124, 99, 124, 181, 99, 0, 134, 1, 134, 175, 1, 175, 0, 174, 95, 95, 174, 0, 92, 145, 92, 283, 283, 145, 0, 135, 257, 257, 135, 190, 190, 0, 103, 46, 103, 252, 46, 252, 0, 31, 224, 31, 224, 0, 260, 40, 40, 260, 13, 13, 0, 223, 223, 0, 25, 25, 193, 9, 9, 193, 0, 213, 75, 75, 226, 213, 85, 85, 226, 0, 247, 114, 247, 238, 114, 238, 0, 232, 76, 232, 131, 131, 89, 76, 89, 0, 43, 268, 268, 43, 0, 201, 162, 162, 201, 44, 6, 63, 6, 44, 63, 0, 116, 116, 216, 216, 157, 2, 157, 2, 0, 121, 88, 121, 79, 191, 79, 191, 88, 0, 263, 169, 169, 98, 98, 38, 38, 275, 55, 263, 275, 55, 0, 160, 297, 160, 139, 139, 297, 0, 78, 78, 0, 178, 151, 178, 151, 0, 66, 118, 118, 228, 228, 66, 0, 215, 137, 109, 109, 137, 119, 215, 119, 0, 299, 299]

Cost: 41118845
Frequency: 1/10 runs (10%)
Solution: [32, 53, 53, 32, 0, 263, 240, 141, 141, 240, 263, 0, 48, 48, 77, 77, 0, 9, 157, 9, 157, 0, 96, 96, 23, 23, 194, 194, 235, 235, 258, 258, 0, 67, 273, 273, 67, 80, 80, 0, 25, 25, 126, 69, 126, 69, 112, 112, 0, 272, 272, 3, 3, 0, 54, 54, 0, 21, 50, 21, 50, 0, 265, 265, 113, 113, 0, 68, 195, 68, 195, 0, 118, 118, 165, 165, 0, 211, 211, 0, 288, 72, 72, 288, 0, 271, 271, 0, 103, 103, 55, 55, 0, 158, 210, 210, 227, 158, 227, 0, 257, 207, 207, 257, 0, 136, 136, 249, 249, 0, 233, 233, 0, 269, 269, 0, 278, 278, 228, 228, 0, 245, 266, 266, 245, 0, 11, 11, 0, 26, 26, 0, 217, 217, 0, 279, 279, 0, 35, 277, 277, 291, 35, 291, 0, 94, 94, 231, 231, 0, 274, 274, 0, 123, 61, 74, 61, 123, 74, 204, 204, 191, 146, 146, 191, 22, 22, 106, 106, 0, 188, 188, 287, 287, 127, 297, 127, 196, 297, 196, 0, 168, 168, 290, 290, 20, 20, 0, 71, 71, 58, 90, 58, 129, 129, 90, 0, 82, 29, 82, 29, 246, 246, 167, 173, 167, 115, 173, 115, 0, 155, 155, 109, 109, 256, 256, 184, 124, 124, 34, 34, 184, 0, 206, 206, 234, 234, 202, 202, 56, 56, 117, 117, 0, 152, 152, 24, 24, 176, 236, 236, 176, 73, 99, 101, 101, 99, 73, 0, 201, 49, 49, 201, 64, 64, 5, 5, 161, 161, 0, 180, 37, 180, 111, 254, 37, 111, 254, 0, 248, 215, 248, 222, 300, 222, 293, 215, 70, 293, 120, 300, 120, 104, 70, 140, 140, 104, 0, 137, 137, 41, 41, 219, 259, 259, 219, 130, 130, 0, 218, 218, 230, 230, 60, 60, 298, 298, 0, 150, 150, 7, 7, 4, 4, 163, 51, 292, 292, 163, 51, 0, 250, 164, 250, 28, 164, 46, 46, 209, 209, 28, 166, 166, 0, 172, 172, 243, 243, 170, 170, 16, 16, 282, 282, 186, 18, 18, 186, 0, 242, 242, 65, 65, 229, 229, 153, 153, 0, 232, 232, 183, 183, 253, 253, 0, 105, 105, 189, 189, 192, 192, 97, 97, 0, 83, 264, 83, 199, 91, 264, 91, 84, 199, 187, 84, 187, 0, 92, 213, 92, 44, 213, 44, 81, 125, 125, 275, 81, 275, 267, 267, 0, 143, 143, 145, 145, 0, 262, 262, 27, 27, 0, 19, 19, 221, 203, 221, 203, 156, 156, 0, 43, 43, 281, 281, 52, 52, 8, 8, 0, 138, 138, 45, 40, 40, 45, 197, 197, 296, 296, 0, 261, 144, 261, 144, 205, 205, 107, 107, 0, 244, 244, 237, 237, 177, 177, 0, 66, 66, 0, 216, 216, 93, 17, 93, 17, 0, 260, 95, 95, 260, 0, 214, 241, 76, 241, 76, 214, 226, 85, 226, 12, 85, 198, 198, 12, 0, 238, 284, 238, 284, 0, 57, 270, 57, 119, 119, 270, 0, 193, 151, 151, 193, 2, 102, 2, 102, 0, 239, 114, 114, 239, 0, 179, 179, 142, 30, 30, 283, 142, 283, 0, 10, 276, 10, 98, 98, 276, 0, 47, 122, 122, 47, 0, 110, 110, 285, 289, 285, 289, 0, 208, 78, 78, 208, 6, 63, 6, 63, 0, 88, 185, 131, 88, 185, 132, 131, 132, 0, 159, 294, 294, 159, 0, 280, 39, 280, 39, 160, 14, 160, 14, 0, 223, 79, 79, 223, 0, 121, 121, 149, 149, 100, 100, 0, 116, 116, 255, 175, 255, 175, 0, 171, 162, 162, 171, 0, 0, 134, 200, 134, 86, 200, 86, 154, 251, 154, 251, 0, 36, 15, 1, 15, 75, 36, 75, 1, 0, 247, 247, 169, 212, 169, 252, 212, 252, 0, 178, 268, 178, 33, 33, 139, 139, 268, 13, 13, 0, 147, 42, 147, 38, 38, 42, 0, 31, 224, 224, 31, 0, 135, 135, 108, 108, 0, 174, 89, 89, 174, 0, 225, 87, 225, 87, 128, 128, 59, 59, 190, 190, 0, 133, 295, 133, 286, 62, 220, 181, 62, 182, 148, 295, 286, 181, 220, 182, 148, 0, 299, 299]

Cost: 41174871
Frequency: 1/10 runs (10%)
Solution: [68, 37, 92, 92, 62, 62, 219, 68, 37, 219, 0, 208, 261, 208, 261, 0, 264, 264, 211, 211, 0, 30, 30, 115, 115, 0, 96, 295, 61, 96, 295, 61, 0, 278, 278, 228, 227, 227, 228, 0, 25, 25, 183, 183, 58, 297, 297, 58, 130, 130, 0, 141, 127, 127, 42, 42, 141, 0, 263, 263, 110, 110, 0, 155, 155, 36, 213, 44, 36, 213, 44, 0, 70, 209, 209, 14, 70, 186, 14, 186, 0, 272, 272, 32, 32, 0, 121, 121, 0, 279, 279, 0, 265, 265, 189, 189, 0, 118, 118, 194, 194, 28, 28, 60, 60, 0, 53, 53, 258, 258, 0, 77, 90, 77, 90, 0, 7, 7, 0, 29, 207, 207, 29, 108, 108, 0, 152, 152, 222, 222, 287, 287, 165, 165, 73, 55, 55, 73, 0, 171, 126, 171, 126, 181, 212, 148, 148, 181, 212, 0, 35, 200, 240, 200, 164, 35, 46, 164, 240, 163, 46, 292, 163, 292, 0, 10, 10, 0, 23, 23, 111, 79, 79, 111, 0, 26, 26, 0, 217, 217, 0, 74, 286, 74, 286, 3, 3, 0, 82, 136, 82, 136, 253, 253, 0, 281, 281, 259, 259, 0, 15, 15, 193, 193, 33, 33, 139, 139, 56, 56, 298, 298, 20, 20, 0, 218, 218, 204, 204, 166, 166, 50, 187, 17, 187, 17, 50, 0, 274, 274, 202, 202, 102, 102, 0, 247, 247, 19, 19, 52, 52, 59, 198, 59, 198, 0, 170, 170, 0, 244, 244, 262, 262, 129, 129, 0, 276, 276, 221, 122, 122, 221, 107, 107, 106, 106, 0, 206, 206, 109, 250, 109, 250, 119, 119, 21, 51, 51, 21, 0, 143, 143, 233, 233, 41, 41, 243, 243, 132, 132, 0, 224, 176, 224, 176, 47, 47, 97, 97, 0, 31, 31, 0, 201, 49, 49, 72, 201, 199, 72, 199, 0, 225, 48, 225, 48, 167, 167, 125, 125, 251, 251, 0, 179, 271, 179, 271, 188, 188, 210, 293, 293, 210, 0, 123, 269, 269, 123, 145, 145, 0, 149, 149, 16, 16, 11, 11, 117, 117, 0, 249, 144, 144, 249, 285, 285, 205, 205, 0, 133, 133, 172, 69, 69, 172, 0, 24, 24, 81, 124, 124, 34, 81, 34, 12, 12, 0, 83, 284, 284, 83, 177, 177, 282, 282, 101, 22, 22, 101, 0, 105, 270, 270, 105, 235, 235, 231, 231, 0, 230, 230, 196, 196, 0, 242, 242, 173, 120, 120, 173, 100, 100, 8, 8, 0, 94, 300, 300, 94, 289, 289, 146, 146, 296, 296, 0, 232, 150, 150, 232, 71, 71, 0, 180, 180, 234, 234, 192, 192, 161, 161, 0, 138, 138, 257, 45, 257, 45, 197, 197, 0, 246, 288, 246, 291, 182, 291, 182, 80, 288, 80, 0, 248, 248, 0, 54, 254, 254, 54, 153, 153, 0, 39, 39, 4, 4, 0, 87, 87, 0, 76, 9, 9, 76, 0, 280, 65, 131, 65, 280, 104, 131, 18, 104, 18, 0, 78, 78, 255, 2, 255, 2, 0, 215, 277, 169, 277, 169, 215, 160, 160, 0, 86, 86, 216, 216, 93, 140, 93, 140, 190, 190, 0, 1, 103, 103, 75, 75, 1, 0, 137, 220, 220, 137, 0, 174, 266, 266, 226, 174, 85, 226, 85, 0, 88, 185, 191, 88, 185, 191, 13, 13, 0, 67, 273, 67, 142, 273, 89, 142, 89, 0, 229, 283, 283, 229, 0, 245, 195, 245, 195, 0, 159, 151, 159, 5, 151, 112, 5, 99, 112, 99, 0, 43, 43, 91, 128, 91, 128, 0, 290, 294, 290, 63, 27, 294, 27, 113, 113, 63, 0, 178, 178, 64, 154, 154, 64, 0, 162, 95, 162, 95, 0, 260, 203, 260, 184, 203, 156, 184, 84, 84, 156, 0, 267, 267, 0, 116, 268, 116, 175, 175, 268, 0, 241, 238, 238, 241, 0, 134, 134, 237, 236, 237, 236, 0, 158, 66, 66, 158, 0, 168, 168, 256, 256, 0, 223, 114, 114, 223, 6, 157, 157, 6, 0, 147, 98, 98, 147, 38, 38, 252, 275, 275, 252, 0, 214, 239, 214, 239, 0, 135, 40, 135, 40, 0, 299, 299, 57, 57]

Cost: 41470629
Frequency: 1/10 runs (10%)
Solution: [28, 28, 292, 140, 292, 140, 0, 248, 248, 246, 246, 45, 45, 0, 241, 126, 241, 126, 113, 113, 0, 79, 294, 294, 79, 0, 152, 144, 152, 95, 95, 144, 0, 217, 217, 262, 262, 298, 298, 0, 26, 26, 0, 222, 222, 194, 164, 164, 80, 194, 80, 0, 271, 271, 62, 219, 62, 165, 219, 165, 130, 130, 0, 3, 3, 34, 34, 0, 114, 114, 108, 108, 0, 211, 211, 0, 32, 227, 227, 32, 0, 272, 272, 0, 23, 23, 196, 90, 90, 196, 0, 10, 10, 103, 103, 0, 123, 109, 123, 109, 0, 263, 263, 290, 290, 27, 27, 0, 281, 281, 0, 67, 273, 67, 273, 46, 46, 275, 55, 275, 55, 0, 215, 208, 208, 288, 288, 215, 0, 233, 233, 0, 167, 167, 0, 25, 25, 300, 9, 300, 157, 9, 157, 231, 231, 0, 42, 182, 182, 42, 0, 118, 41, 41, 210, 118, 293, 210, 293, 129, 129, 0, 35, 200, 200, 35, 0, 240, 74, 240, 74, 0, 133, 133, 279, 279, 0, 65, 291, 291, 65, 191, 191, 0, 276, 276, 33, 33, 139, 139, 0, 218, 218, 163, 21, 163, 21, 0, 188, 188, 145, 145, 0, 180, 68, 180, 111, 111, 68, 166, 166, 267, 267, 106, 106, 0, 286, 212, 212, 286, 156, 156, 0, 244, 244, 176, 236, 236, 176, 5, 125, 5, 186, 125, 18, 18, 186, 0, 37, 155, 155, 245, 254, 254, 37, 245, 199, 226, 226, 199, 84, 84, 0, 54, 277, 54, 287, 277, 287, 132, 132, 0, 143, 143, 110, 110, 131, 127, 131, 14, 127, 115, 115, 14, 0, 206, 206, 142, 142, 47, 47, 0, 147, 147, 229, 229, 197, 197, 56, 99, 56, 12, 99, 12, 0, 193, 193, 234, 234, 0, 83, 264, 83, 81, 173, 264, 81, 173, 107, 107, 0, 179, 179, 168, 168, 256, 256, 259, 63, 259, 63, 0, 269, 61, 269, 253, 61, 148, 253, 148, 0, 250, 250, 204, 204, 117, 117, 0, 49, 207, 49, 207, 243, 243, 170, 170, 16, 16, 282, 282, 101, 22, 101, 22, 0, 1, 77, 1, 77, 0, 137, 137, 202, 202, 296, 296, 0, 82, 82, 24, 24, 285, 285, 205, 205, 59, 59, 20, 20, 0, 172, 69, 172, 69, 124, 124, 0, 119, 119, 70, 53, 120, 120, 104, 53, 70, 104, 0, 19, 19, 221, 221, 251, 251, 0, 159, 159, 52, 52, 8, 8, 0, 153, 153, 0, 158, 297, 158, 297, 112, 112, 0, 43, 43, 177, 177, 192, 192, 100, 100, 161, 161, 0, 249, 249, 266, 64, 266, 64, 0, 278, 295, 278, 98, 98, 220, 184, 220, 295, 50, 184, 187, 198, 187, 50, 198, 0, 247, 247, 150, 150, 7, 7, 4, 209, 4, 209, 11, 11, 97, 97, 0, 280, 94, 280, 94, 190, 190, 0, 116, 185, 116, 175, 175, 185, 2, 102, 2, 102, 0, 87, 87, 0, 0, 48, 105, 105, 71, 48, 73, 71, 13, 73, 13, 0, 138, 151, 138, 151, 0, 239, 239, 0, 213, 92, 92, 75, 75, 213, 0, 134, 134, 174, 284, 284, 174, 0, 128, 91, 122, 128, 91, 122, 93, 17, 17, 93, 0, 86, 268, 86, 289, 58, 289, 268, 58, 0, 225, 242, 242, 225, 44, 216, 216, 6, 6, 44, 0, 183, 235, 235, 183, 60, 146, 146, 60, 0, 195, 30, 89, 30, 283, 195, 283, 89, 0, 237, 224, 224, 237, 85, 85, 0, 76, 255, 255, 76, 0, 230, 141, 230, 38, 38, 252, 252, 141, 0, 121, 88, 121, 154, 88, 258, 154, 258, 0, 66, 228, 228, 66, 0, 232, 39, 39, 232, 149, 149, 0, 270, 274, 181, 270, 274, 181, 0, 96, 169, 169, 96, 160, 51, 51, 160, 0, 214, 223, 223, 214, 0, 171, 178, 171, 178, 0, 15, 36, 265, 15, 72, 36, 203, 265, 189, 72, 189, 203, 0, 31, 261, 261, 31, 0, 29, 136, 29, 136, 260, 40, 40, 260, 0, 0, 201, 238, 201, 238, 0, 135, 257, 135, 257, 0, 162, 162, 299, 299, 78, 78, 57, 57]

