ALNS Solutions for src/data/Call_35_Vehicle_7.txt
==================================

Solution frequencies (10 runs):
-----------------------------
Cost      | Frequency | Percentage
----------|-----------|------------
5298561    | 1         | 10.0%
5323318    | 1         | 10.0%
5323996    | 1         | 10.0%
5350538    | 1         | 10.0%
5352317    | 1         | 10.0%
5371634    | 1         | 10.0%
5397553    | 1         | 10.0%
5589975    | 1         | 10.0%
5639588    | 1         | 10.0%
6067654    | 1         | 10.0%

Best solution found (cost: 5298561):
-----------------------------
[34, 30, 34, 30, 33, 33, 0, 16, 16, 3, 3, 21, 21, 0, 19, 19, 35, 27, 27, 28, 35, 28, 2, 2, 20, 20, 0, 4, 4, 15, 23, 15, 1, 23, 7, 7, 18, 18, 1, 5, 29, 5, 29, 0, 14, 8, 14, 8, 22, 25, 22, 25, 31, 31, 0, 9, 11, 11, 17, 24, 9, 24, 13, 17, 13, 26, 32, 32, 26, 0, 12, 12, 10, 10, 0, 6, 6]

All unique solutions:
-----------------------------
Cost: 5298561
Frequency: 1/10 runs (10%)
Solution: [34, 30, 34, 30, 33, 33, 0, 16, 16, 3, 3, 21, 21, 0, 19, 19, 35, 27, 27, 28, 35, 28, 2, 2, 20, 20, 0, 4, 4, 15, 23, 15, 1, 23, 7, 7, 18, 18, 1, 5, 29, 5, 29, 0, 14, 8, 14, 8, 22, 25, 22, 25, 31, 31, 0, 9, 11, 11, 17, 24, 9, 24, 13, 17, 13, 26, 32, 32, 26, 0, 12, 12, 10, 10, 0, 6, 6]

Cost: 5323318
Frequency: 1/10 runs (10%)
Solution: [4, 4, 30, 7, 7, 30, 22, 22, 25, 25, 0, 9, 12, 9, 17, 12, 21, 21, 17, 0, 19, 19, 27, 27, 13, 13, 26, 26, 29, 29, 20, 20, 0, 15, 34, 15, 23, 23, 34, 24, 24, 33, 33, 5, 5, 2, 2, 31, 31, 0, 16, 16, 1, 3, 3, 28, 32, 28, 1, 32, 0, 8, 11, 11, 18, 8, 18, 0, 14, 14, 35, 35, 10, 10, 0, 6, 6]

Cost: 5323996
Frequency: 1/10 runs (10%)
Solution: [34, 30, 34, 30, 27, 27, 22, 22, 32, 32, 0, 16, 16, 11, 11, 7, 7, 26, 26, 0, 19, 19, 24, 24, 13, 13, 28, 28, 25, 25, 31, 31, 0, 4, 4, 15, 23, 15, 17, 35, 23, 35, 21, 21, 17, 20, 20, 0, 9, 6, 6, 9, 33, 18, 33, 18, 5, 5, 2, 29, 2, 29, 0, 8, 3, 3, 1, 8, 1, 0, 12, 12, 10, 10, 0, 14, 14]

Cost: 5350538
Frequency: 1/10 runs (10%)
Solution: [34, 30, 30, 34, 18, 18, 0, 16, 16, 11, 11, 7, 7, 33, 33, 5, 5, 20, 20, 0, 6, 6, 27, 27, 22, 22, 25, 25, 31, 31, 0, 4, 4, 15, 15, 3, 1, 3, 21, 21, 1, 0, 14, 17, 24, 17, 24, 13, 14, 13, 26, 32, 32, 26, 0, 9, 23, 23, 8, 35, 8, 9, 28, 35, 28, 2, 29, 29, 2, 0, 12, 12, 10, 10, 0, 19, 19]

Cost: 5352317
Frequency: 1/10 runs (10%)
Solution: [34, 30, 30, 34, 18, 18, 0, 16, 16, 11, 11, 7, 7, 27, 27, 22, 22, 25, 25, 0, 6, 6, 33, 33, 5, 5, 31, 31, 0, 4, 4, 15, 15, 3, 1, 3, 21, 1, 21, 20, 20, 0, 19, 14, 17, 19, 14, 13, 17, 13, 26, 32, 32, 26, 0, 9, 23, 23, 8, 35, 9, 8, 28, 35, 28, 2, 29, 2, 29, 0, 12, 12, 10, 10, 0, 24, 24]

Cost: 5371634
Frequency: 1/10 runs (10%)
Solution: [34, 23, 23, 30, 34, 30, 20, 20, 0, 15, 15, 11, 11, 7, 7, 22, 22, 25, 25, 0, 19, 19, 35, 27, 27, 28, 35, 28, 2, 2, 31, 31, 0, 4, 4, 16, 16, 1, 3, 3, 21, 1, 21, 0, 14, 8, 8, 13, 14, 13, 26, 32, 32, 26, 0, 9, 9, 17, 24, 24, 17, 33, 18, 33, 5, 18, 5, 29, 29, 0, 12, 12, 10, 10, 0, 6, 6]

Cost: 5397553
Frequency: 1/10 runs (10%)
Solution: [4, 4, 16, 16, 3, 10, 3, 21, 10, 21, 0, 15, 15, 30, 7, 7, 30, 27, 27, 22, 22, 0, 9, 9, 24, 24, 33, 33, 25, 25, 31, 31, 0, 34, 14, 34, 12, 17, 17, 14, 28, 12, 28, 2, 2, 20, 20, 0, 19, 35, 19, 13, 35, 13, 26, 32, 32, 26, 0, 23, 8, 23, 11, 11, 18, 18, 8, 5, 29, 5, 29, 0, 1, 1, 0, 6, 6]

Cost: 5589975
Frequency: 1/10 runs (10%)
Solution: [34, 12, 34, 7, 7, 12, 28, 28, 29, 29, 0, 16, 16, 30, 30, 27, 27, 22, 22, 32, 32, 0, 23, 23, 8, 8, 13, 13, 25, 25, 31, 31, 0, 4, 4, 15, 15, 11, 1, 11, 18, 18, 1, 5, 5, 2, 2, 20, 20, 0, 3, 3, 21, 26, 21, 26, 0, 9, 17, 24, 9, 24, 33, 17, 33, 0, 14, 14, 35, 35, 10, 10, 0, 19, 19, 6, 6]

Cost: 5639588
Frequency: 1/10 runs (10%)
Solution: [34, 12, 34, 12, 28, 28, 29, 29, 0, 16, 16, 3, 3, 21, 21, 0, 23, 23, 11, 1, 11, 27, 27, 1, 5, 5, 2, 2, 20, 20, 0, 4, 4, 15, 15, 30, 7, 7, 30, 22, 22, 25, 25, 31, 31, 0, 17, 24, 24, 13, 17, 13, 26, 32, 32, 26, 0, 9, 19, 19, 9, 33, 18, 33, 18, 0, 14, 14, 35, 35, 10, 10, 0, 6, 6, 8, 8]

Cost: 6067654
Frequency: 1/10 runs (10%)
Solution: [15, 15, 3, 3, 10, 21, 10, 21, 0, 16, 16, 30, 7, 7, 30, 27, 27, 22, 22, 25, 25, 20, 20, 0, 9, 14, 12, 9, 14, 35, 12, 35, 0, 4, 4, 23, 23, 11, 11, 24, 24, 13, 13, 28, 28, 31, 31, 0, 6, 17, 6, 17, 26, 32, 32, 26, 0, 19, 19, 18, 33, 18, 33, 5, 5, 2, 29, 29, 2, 0, 1, 1, 0, 8, 8, 34, 34]

