ALNS Solutions for src/data/Call_130_Vehicle_40.txt
==================================

Solution frequencies (10 runs):
-----------------------------
Cost      | Frequency | Percentage
----------|-----------|------------
17495100   | 1         | 10.0%

Best solution found (cost: 17495100):
-----------------------------
[15, 15, 16, 16, 41, 23, 41, 23, 107, 107, 92, 46, 92, 46, 0, 74, 74, 97, 97, 81, 35, 35, 81, 36, 53, 30, 53, 30, 36, 0, 115, 69, 115, 45, 69, 45, 56, 56, 0, 60, 60, 108, 108, 117, 117, 39, 39, 0, 67, 120, 120, 61, 59, 67, 70, 61, 59, 70, 20, 20, 0, 42, 96, 42, 50, 96, 9, 17, 17, 50, 9, 0, 118, 37, 68, 118, 7, 7, 77, 68, 77, 37, 0, 33, 33, 125, 125, 48, 48, 0, 84, 114, 84, 114, 90, 18, 90, 122, 18, 91, 94, 91, 122, 14, 94, 14, 0, 88, 88, 22, 22, 0, 80, 80, 34, 34, 62, 62, 104, 104, 0, 4, 4, 110, 110, 0, 121, 121, 55, 55, 10, 10, 0, 105, 105, 11, 11, 109, 127, 127, 109, 0, 0, 3, 3, 26, 26, 0, 103, 103, 54, 54, 0, 126, 126, 95, 29, 29, 65, 95, 65, 0, 5, 63, 5, 83, 83, 63, 0, 73, 124, 124, 73, 111, 111, 0, 27, 102, 27, 102, 0, 19, 19, 47, 47, 0, 2, 2, 82, 78, 78, 82, 0, 113, 129, 113, 129, 128, 128, 0, 123, 98, 98, 38, 38, 123, 119, 119, 71, 71, 0, 21, 32, 32, 21, 0, 72, 49, 49, 130, 130, 72, 0, 6, 44, 6, 44, 0, 85, 85, 79, 43, 79, 43, 0, 0, 116, 51, 116, 64, 51, 64, 0, 87, 87, 52, 101, 52, 57, 101, 57, 0, 86, 86, 99, 112, 112, 28, 99, 12, 28, 12, 0, 106, 66, 66, 106, 0, 75, 89, 89, 75, 0, 58, 58, 40, 24, 24, 40, 0, 25, 1, 25, 31, 1, 31, 0, 93, 93, 13, 13, 0, 100, 100, 76, 76, 0, 8, 8, 0]

All unique solutions:
-----------------------------
Cost: 17495100
Frequency: 1/10 runs (10%)
Solution: [15, 15, 16, 16, 41, 23, 41, 23, 107, 107, 92, 46, 92, 46, 0, 74, 74, 97, 97, 81, 35, 35, 81, 36, 53, 30, 53, 30, 36, 0, 115, 69, 115, 45, 69, 45, 56, 56, 0, 60, 60, 108, 108, 117, 117, 39, 39, 0, 67, 120, 120, 61, 59, 67, 70, 61, 59, 70, 20, 20, 0, 42, 96, 42, 50, 96, 9, 17, 17, 50, 9, 0, 118, 37, 68, 118, 7, 7, 77, 68, 77, 37, 0, 33, 33, 125, 125, 48, 48, 0, 84, 114, 84, 114, 90, 18, 90, 122, 18, 91, 94, 91, 122, 14, 94, 14, 0, 88, 88, 22, 22, 0, 80, 80, 34, 34, 62, 62, 104, 104, 0, 4, 4, 110, 110, 0, 121, 121, 55, 55, 10, 10, 0, 105, 105, 11, 11, 109, 127, 127, 109, 0, 0, 3, 3, 26, 26, 0, 103, 103, 54, 54, 0, 126, 126, 95, 29, 29, 65, 95, 65, 0, 5, 63, 5, 83, 83, 63, 0, 73, 124, 124, 73, 111, 111, 0, 27, 102, 27, 102, 0, 19, 19, 47, 47, 0, 2, 2, 82, 78, 78, 82, 0, 113, 129, 113, 129, 128, 128, 0, 123, 98, 98, 38, 38, 123, 119, 119, 71, 71, 0, 21, 32, 32, 21, 0, 72, 49, 49, 130, 130, 72, 0, 6, 44, 6, 44, 0, 85, 85, 79, 43, 79, 43, 0, 0, 116, 51, 116, 64, 51, 64, 0, 87, 87, 52, 101, 52, 57, 101, 57, 0, 86, 86, 99, 112, 112, 28, 99, 12, 28, 12, 0, 106, 66, 66, 106, 0, 75, 89, 89, 75, 0, 58, 58, 40, 24, 24, 40, 0, 25, 1, 25, 31, 1, 31, 0, 93, 93, 13, 13, 0, 100, 100, 76, 76, 0, 8, 8, 0]

