ALNS Solutions for src/data/Call_80_Vehicle_20.txt
==================================

Solution frequencies (10 runs):
-----------------------------
Cost      | Frequency | Percentage
----------|-----------|------------
19654313   | 1         | 10.0%
19823777   | 1         | 10.0%
19912251   | 1         | 10.0%
20156922   | 1         | 10.0%
20217924   | 1         | 10.0%
20432786   | 1         | 10.0%
20568282   | 1         | 10.0%
20715479   | 1         | 10.0%
20904810   | 1         | 10.0%
21260203   | 1         | 10.0%

Best solution found (cost: 19654313):
-----------------------------
[25, 25, 62, 35, 35, 62, 0, 4, 4, 68, 34, 68, 48, 34, 48, 10, 10, 0, 60, 63, 63, 60, 67, 67, 80, 80, 0, 41, 23, 41, 23, 51, 9, 44, 9, 44, 72, 51, 72, 0, 79, 79, 27, 27, 33, 33, 0, 49, 49, 65, 65, 17, 17, 0, 1, 1, 5, 5, 0, 39, 61, 39, 61, 7, 7, 56, 14, 14, 56, 0, 40, 45, 40, 45, 0, 15, 15, 0, 11, 11, 26, 26, 58, 58, 0, 28, 28, 0, 37, 31, 31, 37, 47, 47, 0, 74, 42, 42, 74, 0, 43, 69, 43, 69, 0, 8, 8, 24, 24, 0, 53, 30, 30, 53, 71, 59, 71, 77, 59, 77, 73, 52, 52, 73, 0, 70, 38, 38, 70, 20, 12, 12, 20, 0, 13, 13, 3, 3, 36, 50, 50, 36, 0, 55, 46, 55, 46, 6, 6, 0, 64, 64, 29, 75, 21, 21, 2, 2, 29, 22, 22, 19, 19, 32, 32, 57, 75, 57, 66, 66, 76, 76, 16, 16, 78, 78, 18, 18, 54, 54]

All unique solutions:
-----------------------------
Cost: 19654313
Frequency: 1/10 runs (10%)
Solution: [25, 25, 62, 35, 35, 62, 0, 4, 4, 68, 34, 68, 48, 34, 48, 10, 10, 0, 60, 63, 63, 60, 67, 67, 80, 80, 0, 41, 23, 41, 23, 51, 9, 44, 9, 44, 72, 51, 72, 0, 79, 79, 27, 27, 33, 33, 0, 49, 49, 65, 65, 17, 17, 0, 1, 1, 5, 5, 0, 39, 61, 39, 61, 7, 7, 56, 14, 14, 56, 0, 40, 45, 40, 45, 0, 15, 15, 0, 11, 11, 26, 26, 58, 58, 0, 28, 28, 0, 37, 31, 31, 37, 47, 47, 0, 74, 42, 42, 74, 0, 43, 69, 43, 69, 0, 8, 8, 24, 24, 0, 53, 30, 30, 53, 71, 59, 71, 77, 59, 77, 73, 52, 52, 73, 0, 70, 38, 38, 70, 20, 12, 12, 20, 0, 13, 13, 3, 3, 36, 50, 50, 36, 0, 55, 46, 55, 46, 6, 6, 0, 64, 64, 29, 75, 21, 21, 2, 2, 29, 22, 22, 19, 19, 32, 32, 57, 75, 57, 66, 66, 76, 76, 16, 16, 78, 78, 18, 18, 54, 54]

Cost: 19823777
Frequency: 1/10 runs (10%)
Solution: [41, 46, 46, 41, 69, 48, 48, 69, 0, 25, 25, 11, 11, 72, 10, 10, 72, 0, 60, 60, 61, 61, 7, 7, 0, 66, 66, 27, 27, 0, 34, 34, 67, 67, 80, 80, 0, 21, 68, 21, 28, 28, 68, 0, 54, 70, 70, 44, 44, 54, 73, 73, 0, 62, 12, 62, 12, 36, 56, 36, 14, 14, 56, 0, 53, 23, 23, 51, 9, 9, 53, 49, 49, 51, 58, 58, 0, 1, 59, 1, 59, 0, 65, 65, 0, 35, 42, 35, 42, 3, 3, 0, 26, 37, 37, 26, 50, 6, 6, 50, 0, 74, 55, 55, 74, 77, 77, 0, 13, 79, 79, 13, 0, 32, 29, 29, 5, 32, 5, 0, 18, 40, 40, 18, 78, 78, 16, 16, 0, 8, 8, 19, 19, 47, 47, 0, 22, 45, 45, 22, 24, 24, 0, 64, 63, 63, 64, 17, 2, 2, 17, 0, 15, 15, 31, 31, 43, 38, 38, 43, 75, 75, 76, 76, 57, 57, 20, 20, 52, 52, 30, 30, 33, 33, 39, 39, 4, 4, 71, 71]

Cost: 19912251
Frequency: 1/10 runs (10%)
Solution: [32, 79, 32, 27, 79, 27, 0, 54, 63, 63, 54, 80, 80, 50, 14, 14, 50, 0, 49, 44, 49, 44, 72, 36, 72, 10, 10, 36, 0, 40, 40, 29, 37, 29, 37, 0, 35, 46, 35, 73, 46, 73, 0, 64, 64, 0, 25, 25, 11, 11, 65, 12, 12, 65, 7, 7, 0, 23, 55, 23, 55, 0, 8, 8, 20, 20, 0, 70, 68, 9, 68, 9, 70, 0, 21, 51, 21, 77, 51, 77, 33, 33, 0, 1, 5, 1, 5, 0, 4, 4, 59, 59, 19, 19, 0, 74, 42, 42, 74, 28, 28, 6, 6, 0, 15, 15, 78, 78, 17, 2, 2, 17, 0, 62, 45, 45, 69, 48, 48, 69, 62, 0, 43, 61, 43, 61, 0, 41, 41, 34, 34, 31, 31, 24, 56, 56, 24, 0, 39, 67, 39, 16, 16, 67, 0, 60, 60, 26, 58, 26, 58, 0, 53, 75, 75, 13, 13, 3, 57, 3, 66, 66, 22, 22, 47, 47, 38, 38, 76, 76, 52, 52, 71, 71, 30, 57, 53, 30, 18, 18]

Cost: 20156922
Frequency: 1/10 runs (10%)
Solution: [21, 21, 77, 77, 0, 23, 23, 34, 5, 34, 5, 0, 54, 63, 54, 63, 0, 32, 51, 51, 32, 69, 69, 58, 58, 0, 46, 46, 0, 7, 7, 33, 33, 0, 15, 15, 41, 59, 41, 59, 12, 72, 72, 12, 0, 40, 40, 35, 35, 42, 3, 3, 42, 36, 50, 50, 36, 56, 56, 14, 14, 0, 1, 9, 9, 1, 73, 73, 0, 70, 68, 68, 70, 79, 79, 17, 27, 27, 17, 0, 62, 62, 44, 44, 0, 71, 71, 49, 49, 0, 61, 74, 55, 61, 55, 74, 0, 26, 37, 26, 37, 0, 31, 31, 0, 57, 57, 75, 75, 47, 47, 6, 6, 0, 53, 30, 29, 30, 29, 53, 0, 13, 67, 67, 13, 2, 2, 0, 64, 64, 65, 65, 16, 16, 10, 10, 0, 60, 45, 45, 60, 28, 80, 28, 80, 0, 8, 8, 19, 19, 25, 25, 76, 76, 4, 4, 22, 22, 52, 52, 43, 43, 24, 24, 48, 66, 66, 78, 78, 20, 48, 20, 38, 38, 39, 39, 11, 11, 18, 18]

Cost: 20217924
Frequency: 1/10 runs (10%)
Solution: [21, 21, 73, 73, 0, 23, 23, 29, 29, 65, 65, 36, 36, 0, 60, 60, 64, 64, 27, 27, 0, 18, 18, 37, 37, 0, 35, 55, 55, 35, 0, 41, 11, 41, 11, 5, 5, 0, 70, 51, 9, 70, 51, 67, 9, 67, 10, 10, 0, 39, 39, 49, 49, 17, 58, 58, 17, 0, 40, 40, 74, 74, 0, 15, 61, 15, 61, 46, 46, 7, 7, 50, 50, 0, 79, 79, 72, 72, 16, 16, 0, 1, 59, 59, 69, 1, 69, 0, 4, 4, 34, 26, 26, 34, 0, 71, 44, 44, 71, 2, 2, 6, 6, 0, 57, 57, 28, 3, 28, 3, 0, 32, 32, 75, 75, 47, 47, 0, 53, 53, 13, 13, 77, 77, 24, 24, 52, 56, 52, 56, 0, 68, 62, 45, 68, 45, 62, 14, 14, 0, 63, 63, 42, 48, 42, 48, 0, 22, 22, 12, 31, 12, 31, 0, 80, 25, 25, 19, 19, 78, 78, 38, 38, 66, 66, 76, 76, 30, 30, 43, 43, 54, 54, 20, 20, 8, 80, 8, 33, 33]

Cost: 20432786
Frequency: 1/10 runs (10%)
Solution: [25, 25, 23, 23, 55, 55, 80, 80, 0, 32, 32, 49, 49, 0, 67, 3, 3, 67, 36, 50, 36, 56, 50, 56, 0, 15, 15, 68, 62, 68, 62, 0, 35, 35, 42, 42, 7, 7, 0, 70, 40, 70, 40, 0, 41, 41, 51, 59, 79, 59, 69, 69, 51, 79, 58, 58, 0, 29, 29, 16, 16, 0, 53, 53, 34, 34, 37, 17, 37, 17, 0, 22, 22, 65, 12, 65, 72, 72, 12, 0, 1, 46, 1, 46, 73, 10, 10, 73, 0, 61, 61, 74, 74, 0, 43, 43, 5, 27, 27, 5, 0, 9, 45, 45, 9, 0, 4, 4, 28, 28, 2, 2, 24, 24, 6, 6, 0, 8, 8, 31, 31, 0, 54, 63, 44, 44, 63, 54, 0, 38, 38, 26, 77, 77, 26, 52, 52, 0, 39, 39, 47, 47, 14, 14, 0, 71, 71, 0, 57, 57, 76, 76, 13, 13, 66, 66, 18, 18, 75, 75, 11, 11, 30, 30, 64, 64, 78, 78, 60, 60, 20, 20, 19, 19, 33, 33, 48, 48, 21, 21]

Cost: 20568282
Frequency: 1/10 runs (10%)
Solution: [67, 3, 3, 67, 36, 7, 7, 56, 36, 56, 0, 18, 18, 16, 16, 0, 70, 70, 9, 9, 0, 4, 4, 35, 35, 0, 20, 20, 0, 8, 8, 48, 17, 17, 48, 0, 15, 41, 41, 15, 55, 42, 55, 42, 0, 5, 5, 73, 10, 10, 73, 0, 53, 53, 62, 62, 0, 25, 25, 68, 79, 68, 27, 79, 27, 0, 61, 45, 45, 69, 61, 69, 14, 14, 0, 23, 23, 51, 29, 29, 51, 49, 49, 0, 1, 44, 44, 1, 47, 47, 0, 46, 12, 12, 46, 0, 11, 11, 37, 19, 19, 37, 52, 52, 0, 32, 21, 32, 21, 80, 50, 80, 6, 6, 50, 0, 40, 64, 64, 40, 65, 58, 58, 65, 0, 63, 13, 63, 13, 24, 24, 0, 39, 39, 74, 74, 31, 31, 0, 60, 60, 59, 26, 59, 77, 77, 26, 33, 33, 0, 38, 38, 57, 57, 34, 28, 30, 30, 72, 66, 28, 66, 72, 78, 78, 76, 76, 2, 2, 75, 75, 34, 43, 43, 22, 22, 54, 54, 71, 71]

Cost: 20715479
Frequency: 1/10 runs (10%)
Solution: [41, 41, 1, 44, 44, 1, 17, 27, 27, 17, 33, 33, 0, 62, 62, 72, 10, 10, 72, 0, 54, 63, 63, 54, 0, 40, 40, 67, 12, 67, 12, 80, 80, 0, 9, 65, 9, 65, 0, 61, 61, 74, 74, 0, 18, 18, 28, 28, 0, 35, 35, 42, 3, 3, 42, 36, 50, 36, 56, 50, 14, 14, 56, 0, 53, 70, 70, 46, 53, 46, 0, 23, 23, 59, 79, 59, 79, 77, 77, 0, 21, 68, 68, 21, 0, 26, 37, 37, 26, 7, 7, 0, 51, 43, 51, 43, 0, 49, 49, 47, 47, 0, 15, 15, 34, 34, 69, 48, 58, 48, 58, 69, 0, 29, 29, 19, 19, 6, 6, 0, 30, 11, 11, 30, 2, 2, 73, 73, 0, 4, 4, 45, 5, 45, 5, 0, 22, 22, 55, 55, 0, 38, 38, 75, 75, 0, 66, 66, 13, 13, 25, 25, 20, 20, 32, 52, 32, 57, 52, 64, 64, 78, 78, 76, 76, 57, 71, 71, 24, 24, 39, 39, 31, 31, 60, 60, 8, 8, 16, 16]

Cost: 20904810
Frequency: 1/10 runs (10%)
Solution: [61, 49, 49, 61, 0, 40, 40, 65, 65, 0, 8, 8, 0, 70, 59, 70, 12, 12, 59, 0, 62, 62, 55, 55, 0, 60, 68, 60, 17, 17, 68, 0, 20, 20, 33, 33, 0, 29, 35, 35, 29, 7, 7, 56, 56, 0, 53, 53, 34, 34, 37, 27, 27, 37, 0, 18, 18, 69, 48, 69, 48, 0, 41, 11, 41, 11, 71, 71, 80, 80, 0, 23, 23, 51, 9, 9, 51, 72, 72, 10, 10, 0, 25, 25, 42, 3, 3, 42, 47, 47, 0, 74, 79, 74, 58, 58, 79, 50, 14, 50, 14, 0, 13, 67, 67, 13, 0, 1, 21, 21, 1, 0, 54, 63, 44, 44, 63, 54, 77, 77, 73, 52, 52, 73, 0, 43, 43, 5, 5, 24, 24, 0, 39, 39, 46, 28, 46, 36, 28, 36, 6, 6, 0, 22, 45, 22, 45, 0, 38, 38, 19, 31, 75, 31, 57, 57, 15, 15, 32, 32, 26, 26, 30, 30, 64, 19, 76, 64, 75, 76, 4, 4, 2, 2, 78, 78, 16, 16, 66, 66]

Cost: 21260203
Frequency: 1/10 runs (10%)
Solution: [18, 63, 63, 18, 5, 5, 0, 60, 60, 35, 35, 55, 55, 0, 61, 61, 74, 74, 48, 17, 17, 48, 0, 41, 23, 41, 23, 79, 58, 58, 79, 0, 45, 45, 80, 80, 50, 10, 10, 14, 14, 50, 0, 51, 46, 69, 69, 51, 7, 7, 46, 0, 59, 59, 12, 12, 0, 22, 22, 26, 37, 37, 26, 0, 1, 29, 1, 29, 0, 70, 68, 34, 68, 34, 70, 72, 73, 72, 73, 0, 62, 62, 33, 33, 0, 44, 49, 44, 49, 0, 25, 25, 42, 42, 28, 28, 0, 77, 27, 77, 27, 52, 52, 0, 54, 54, 78, 78, 75, 75, 0, 64, 9, 64, 9, 2, 2, 0, 11, 11, 0, 4, 4, 0, 39, 39, 67, 31, 31, 67, 6, 6, 0, 40, 40, 65, 36, 65, 24, 24, 36, 56, 56, 0, 76, 43, 15, 43, 19, 21, 19, 66, 20, 15, 20, 47, 3, 47, 66, 21, 32, 32, 76, 30, 30, 13, 13, 16, 3, 53, 16, 8, 8, 57, 57, 53, 38, 38, 71, 71]

